1,1,473.671142578125,152.31149291992188,133.0540771484375,220.85772705078125,-1,-1,-1,-1
2,1,468.8464050292969,151.0310821533203,122.79483032226562,228.1211395263672,-1,-1,-1,-1
3,1,467.8995666503906,151.65065002441406,117.18081665039062,230.01075744628906,-1,-1,-1,-1
4,1,468.6851806640625,153.52029418945312,114.661865234375,227.64895629882812,-1,-1,-1,-1
5,1,459.6680908203125,139.24510192871094,113.52435302734375,242.9390106201172,-1,-1,-1,-1
6,1,451.1881408691406,145.61692810058594,122.17355346679688,236.92811584472656,-1,-1,-1,-1
7,1,449.0613708496094,155.43350219726562,118.73690795898438,226.31280517578125,-1,-1,-1,-1
8,1,439.142578125,134.4923095703125,143.64642333984375,250.677978515625,-1,-1,-1,-1
9,1,441.6858825683594,153.9269256591797,141.72781372070312,225.34559631347656,-1,-1,-1,-1
10,1,441.69720458984375,154.04937744140625,142.42938232421875,224.59722900390625,-1,-1,-1,-1
11,1,438.2695617675781,154.2515106201172,141.53341674804688,228.23500061035156,-1,-1,-1,-1
12,1,431.5623779296875,154.44900512695312,140.77783203125,219.32168579101562,-1,-1,-1,-1
13,1,430.0521240234375,153.31207275390625,122.8333740234375,217.29605102539062,-1,-1,-1,-1
14,1,431.2979736328125,151.401123046875,115.88897705078125,227.01898193359375,-1,-1,-1,-1
15,1,420.52117919921875,148.9937744140625,118.77996826171875,233.59481811523438,-1,-1,-1,-1
16,1,422.0181884765625,148.57952880859375,116.474365234375,234.0404052734375,-1,-1,-1,-1
17,1,424.2864074707031,149.00775146484375,124.84298706054688,236.51852416992188,-1,-1,-1,-1
18,1,427.2308044433594,172.7172088623047,120.35281372070312,208.15040588378906,-1,-1,-1,-1
19,1,420.41217041015625,158.4911651611328,127.1529541015625,228.80357360839844,-1,-1,-1,-1
20,1,411.8291931152344,151.22711181640625,137.95407104492188,229.66015625,-1,-1,-1,-1
21,1,412.12188720703125,150.64381408691406,135.53070068359375,224.6772003173828,-1,-1,-1,-1
22,1,411.7301025390625,150.1424560546875,137.80084228515625,224.67080688476562,-1,-1,-1,-1
23,1,411.75823974609375,148.82791137695312,121.91558837890625,226.8092041015625,-1,-1,-1,-1
24,1,411.711669921875,148.8131561279297,108.710205078125,218.7340850830078,-1,-1,-1,-1
25,1,407.0194396972656,147.99685668945312,106.68075561523438,221.18637084960938,-1,-1,-1,-1
26,1,397.34625244140625,146.9716033935547,99.6968994140625,220.44276428222656,-1,-1,-1,-1
27,1,383.56646728515625,146.36106872558594,104.47555541992188,226.0446014404297,-1,-1,-1,-1
28,1,383.4684143066406,146.2694549560547,104.66647338867188,225.7524871826172,-1,-1,-1,-1
29,1,372.39154052734375,145.8154296875,106.79977416992188,218.09683227539062,-1,-1,-1,-1
30,1,367.1963195800781,146.34353637695312,108.97677612304688,238.80316162109375,-1,-1,-1,-1
31,1,366.5128479003906,148.28753662109375,108.99063110351562,243.58193969726562,-1,-1,-1,-1
32,1,376.590576171875,150.2855682373047,97.98077392578125,242.1890106201172,-1,-1,-1,-1
33,1,371.70849609375,152.07131958007812,87.04339599609375,234.2515869140625,-1,-1,-1,-1
34,1,372.5118103027344,152.20407104492188,84.6636962890625,233.49383544921875,-1,-1,-1,-1
35,1,374.26763916015625,155.29000854492188,75.60052490234375,214.65121459960938,-1,-1,-1,-1
36,1,373.0755615234375,157.53968811035156,80.13278198242188,221.65296936035156,-1,-1,-1,-1
37,1,370.07586669921875,158.12660217285156,102.37005615234375,223.0690460205078,-1,-1,-1,-1
38,1,365.2309875488281,158.5081024169922,103.626953125,236.0395050048828,-1,-1,-1,-1
39,1,360.27850341796875,158.81166076660156,108.33175659179688,237.8072967529297,-1,-1,-1,-1
40,1,359.84027099609375,158.71109008789062,109.23553466796875,238.12088012695312,-1,-1,-1,-1
41,1,353.15972900390625,158.47117614746094,112.8057861328125,237.6599884033203,-1,-1,-1,-1
42,1,351.17633056640625,159.6223907470703,102.4154052734375,232.74815368652344,-1,-1,-1,-1
43,1,351.3218994140625,159.60812377929688,101.03988647460938,233.98019409179688,-1,-1,-1,-1
44,1,349.00390625,161.48179626464844,100.08721923828125,234.1305694580078,-1,-1,-1,-1
45,1,346.4460144042969,161.98233032226562,99.5736083984375,235.29568481445312,-1,-1,-1,-1
46,1,346.72515869140625,161.99456787109375,98.97036743164062,235.33609008789062,-1,-1,-1,-1
47,1,344.8961181640625,162.53604125976562,99.7078857421875,236.59414672851562,-1,-1,-1,-1
48,1,342.65191650390625,162.6409912109375,100.13772583007812,233.3687744140625,-1,-1,-1,-1
49,1,339.15557861328125,162.68197631835938,110.34976196289062,223.84249877929688,-1,-1,-1,-1
50,1,332.15191650390625,161.81707763671875,119.94317626953125,225.52401733398438,-1,-1,-1,-1
51,1,331.65911865234375,162.19532775878906,117.2281494140625,207.80503845214844,-1,-1,-1,-1
52,1,332.01434326171875,162.11447143554688,114.44076538085938,205.09262084960938,-1,-1,-1,-1
53,1,328.235107421875,162.01162719726562,115.3890380859375,224.39926147460938,-1,-1,-1,-1
54,1,329.2525329589844,161.67347717285156,110.90728759765625,238.9219512939453,-1,-1,-1,-1
55,1,331.7332763671875,161.5563201904297,111.321044921875,241.67054748535156,-1,-1,-1,-1
56,1,327.3499755859375,163.8545684814453,100.78219604492188,237.04002380371094,-1,-1,-1,-1
57,1,324.2723388671875,165.444091796875,99.220947265625,239.55743408203125,-1,-1,-1,-1
58,1,324.04876708984375,165.43470764160156,100.26187133789062,239.7668914794922,-1,-1,-1,-1
59,1,319.4408264160156,166.57174682617188,99.13754272460938,241.33544921875,-1,-1,-1,-1
60,1,311.9714050292969,170.07012939453125,95.8104248046875,236.77880859375,-1,-1,-1,-1
61,1,306.4435119628906,170.15232849121094,86.64016723632812,226.25364685058594,-1,-1,-1,-1
62,1,301.71173095703125,171.82052612304688,80.97689819335938,218.00967407226562,-1,-1,-1,-1
63,1,298.5228271484375,173.2043914794922,83.88116455078125,221.14747619628906,-1,-1,-1,-1
64,1,298.3089904785156,173.18115234375,84.23223876953125,222.49984741210938,-1,-1,-1,-1
65,1,295.6618957519531,173.916259765625,86.39016723632812,230.32626342773438,-1,-1,-1,-1
66,1,296.62384033203125,174.88670349121094,91.23110961914062,236.9295196533203,-1,-1,-1,-1
67,1,293.36614990234375,175.73025512695312,105.4403076171875,236.37521362304688,-1,-1,-1,-1
68,1,297.761962890625,176.66427612304688,101.24942016601562,235.06356811523438,-1,-1,-1,-1
69,1,286.29644775390625,174.9132080078125,106.89691162109375,237.54159545898438,-1,-1,-1,-1
70,1,286.25396728515625,174.51173400878906,106.50921630859375,238.08323669433594,-1,-1,-1,-1
71,1,281.6240234375,177.19778442382812,113.28057861328125,236.33541870117188,-1,-1,-1,-1
72,1,280.9913330078125,179.2243194580078,111.78302001953125,234.43553161621094,-1,-1,-1,-1
73,1,282.4645080566406,181.56546020507812,116.13436889648438,235.01470947265625,-1,-1,-1,-1
74,1,284.64849853515625,179.80563354492188,116.07513427734375,236.35186767578125,-1,-1,-1,-1
75,1,289.90313720703125,190.614501953125,109.65988159179688,225.69061279296875,-1,-1,-1,-1
76,1,289.92864990234375,195.51473999023438,109.53125,220.53683471679688,-1,-1,-1,-1
77,1,295.1302795410156,187.43751525878906,106.29208374023438,230.7252655029297,-1,-1,-1,-1
78,1,294.72576904296875,182.54885864257812,100.38577270507812,236.75119018554688,-1,-1,-1,-1
79,1,296.7074279785156,183.29446411132812,96.37747192382812,236.86270141601562,-1,-1,-1,-1
80,1,293.59674072265625,182.9814910888672,95.085693359375,238.63722229003906,-1,-1,-1,-1
81,1,290.1231994628906,183.7676544189453,91.07492065429688,236.61866760253906,-1,-1,-1,-1
82,1,290.392822265625,183.70803833007812,90.624755859375,236.70404052734375,-1,-1,-1,-1
83,1,290.13055419921875,185.3054962158203,87.7791748046875,235.1457977294922,-1,-1,-1,-1
84,1,287.252197265625,188.54537963867188,91.76531982421875,232.01303100585938,-1,-1,-1,-1
85,1,284.8039855957031,188.92559814453125,97.78167724609375,223.22698974609375,-1,-1,-1,-1
86,1,285.0240173339844,188.2478485107422,102.07376098632812,224.5692901611328,-1,-1,-1,-1
87,1,283.81500244140625,191.40780639648438,103.85470581054688,224.33010864257812,-1,-1,-1,-1
88,1,283.535400390625,191.89317321777344,104.6029052734375,223.20408630371094,-1,-1,-1,-1
89,1,285.1726379394531,192.2593536376953,103.79409790039062,232.23207092285156,-1,-1,-1,-1
90,1,287.4979248046875,194.25367736816406,101.29818725585938,234.45289611816406,-1,-1,-1,-1
91,1,292.3039855957031,196.51174926757812,96.47067260742188,228.82293701171875,-1,-1,-1,-1
92,1,301.5032653808594,204.23916625976562,94.69537353515625,219.51171875,-1,-1,-1,-1
93,1,308.2837219238281,215.86257934570312,100.24871826171875,205.90484619140625,-1,-1,-1,-1
94,1,308.1410827636719,216.1121826171875,100.83633422851562,206.26971435546875,-1,-1,-1,-1
95,1,314.0819091796875,206.35154724121094,104.18572998046875,223.0976104736328,-1,-1,-1,-1
96,1,323.89129638671875,206.66046142578125,95.26171875,221.64932250976562,-1,-1,-1,-1
97,1,330.427001953125,203.7493438720703,94.04449462890625,227.2645721435547,-1,-1,-1,-1
98,1,354.9330749511719,206.56973266601562,98.91830444335938,220.82257080078125,-1,-1,-1,-1
1,2,610.8082885742188,114.98236846923828,102.392333984375,276.5085144042969,-1,-1,-1,-1
2,2,602.9137573242188,112.76216888427734,112.51458740234375,275.3204345703125,-1,-1,-1,-1
3,2,597.2940673828125,108.778564453125,129.38092041015625,281.8341979980469,-1,-1,-1,-1
1,3,567.16748046875,115.88526916503906,143.5870361328125,277.031005859375,-1,-1,-1,-1
2,3,569.0634765625,112.19688415527344,134.80059814453125,282.68902587890625,-1,-1,-1,-1
3,3,586.7525634765625,107.89634704589844,133.6710205078125,285.5479736328125,-1,-1,-1,-1
4,3,585.2920532226562,107.69086456298828,136.4168701171875,286.0040588378906,-1,-1,-1,-1
5,3,577.6931762695312,102.2548828125,135.825927734375,300.1123962402344,-1,-1,-1,-1
6,3,556.3838500976562,98.4916763305664,149.7186279296875,316.9543762207031,-1,-1,-1,-1
7,3,552.412353515625,96.32483673095703,144.5972900390625,320.32562255859375,-1,-1,-1,-1
8,3,560.1776123046875,96.1422348022461,134.46527099609375,298.665283203125,-1,-1,-1,-1
9,3,547.6799926757812,95.67312622070312,149.677978515625,322.6277770996094,-1,-1,-1,-1
10,3,545.8016967773438,96.04443359375,152.09771728515625,322.4548645019531,-1,-1,-1,-1
11,3,537.9083862304688,97.30277252197266,177.07916259765625,324.9832458496094,-1,-1,-1,-1
12,3,538.0440063476562,100.41509246826172,179.57904052734375,301.1011657714844,-1,-1,-1,-1
13,3,544.9382934570312,102.42034912109375,170.36846923828125,290.17169189453125,-1,-1,-1,-1
14,3,552.7379150390625,104.08521270751953,160.61553955078125,308.79376220703125,-1,-1,-1,-1
15,3,548.5133666992188,105.8172378540039,156.87615966796875,320.0860900878906,-1,-1,-1,-1
16,3,548.5053100585938,105.79906463623047,157.22265625,320.1942138671875,-1,-1,-1,-1
17,3,537.8709716796875,110.18289947509766,161.75299072265625,288.0107421875,-1,-1,-1,-1
18,3,542.047607421875,111.79830169677734,160.70587158203125,275.2725830078125,-1,-1,-1,-1
19,3,541.9207153320312,113.25676727294922,165.13116455078125,295.6376953125,-1,-1,-1,-1
20,3,545.244384765625,112.84620666503906,161.41534423828125,290.92254638671875,-1,-1,-1,-1
21,3,536.2952270507812,110.75382232666016,166.25445556640625,287.4009094238281,-1,-1,-1,-1
22,3,536.1746826171875,110.71620178222656,166.41827392578125,287.3062744140625,-1,-1,-1,-1
23,3,533.2493896484375,118.13582611083984,160.2958984375,286.3153381347656,-1,-1,-1,-1
24,3,524.7239990234375,116.32443237304688,161.43609619140625,281.3725891113281,-1,-1,-1,-1
25,3,521.0139770507812,115.1864013671875,160.48150634765625,289.4566955566406,-1,-1,-1,-1
26,3,516.609619140625,120.28163146972656,146.2401123046875,281.5533447265625,-1,-1,-1,-1
27,3,513.6854858398438,118.68955993652344,140.32000732421875,288.6658935546875,-1,-1,-1,-1
28,3,513.763916015625,118.12062072753906,139.98870849609375,291.426513671875,-1,-1,-1,-1
29,3,522.0614013671875,121.06442260742188,135.39422607421875,286.7747802734375,-1,-1,-1,-1
30,3,489.7281799316406,114.57608032226562,162.97744750976562,328.3829345703125,-1,-1,-1,-1
31,3,463.658935546875,114.37887573242188,188.3922119140625,332.1808166503906,-1,-1,-1,-1
32,3,459.4646301269531,117.47119140625,184.39913940429688,330.4690246582031,-1,-1,-1,-1
33,3,459.91680908203125,111.08149719238281,185.13916015625,339.4176025390625,-1,-1,-1,-1
34,3,459.8077087402344,110.82820129394531,185.36013793945312,339.88641357421875,-1,-1,-1,-1
35,3,469.1042175292969,126.78787994384766,178.92214965820312,324.9244689941406,-1,-1,-1,-1
36,3,495.1911315917969,125.9481201171875,157.14932250976562,299.86187744140625,-1,-1,-1,-1
37,3,486.71026611328125,127.00982666015625,161.26751708984375,308.29510498046875,-1,-1,-1,-1
38,3,457.6752624511719,126.2638168334961,181.44815063476562,330.1259765625,-1,-1,-1,-1
39,3,458.4730224609375,123.2951889038086,165.96856689453125,328.7660827636719,-1,-1,-1,-1
40,3,456.3961181640625,128.02423858642578,166.126220703125,322.3095397949219,-1,-1,-1,-1
41,3,464.909912109375,119.84693145751953,178.90380859375,334.5,-1,-1,-1,-1
42,3,466.6083679199219,118.41324615478516,194.25515747070312,337.1112976074219,-1,-1,-1,-1
43,3,476.85247802734375,118.48892974853516,182.08758544921875,330.4399719238281,-1,-1,-1,-1
44,3,479.8844299316406,120.76760864257812,168.74221801757812,315.0810241699219,-1,-1,-1,-1
45,3,480.60540771484375,122.63401794433594,196.31005859375,330.2110595703125,-1,-1,-1,-1
46,3,479.2467041015625,122.91292572021484,199.5687255859375,331.5368957519531,-1,-1,-1,-1
47,3,478.63092041015625,126.57518768310547,200.75335693359375,325.8948059082031,-1,-1,-1,-1
48,3,478.7463073730469,134.05393981933594,193.87197875976562,322.99444580078125,-1,-1,-1,-1
49,3,481.8522033691406,139.541259765625,181.28738403320312,298.1640625,-1,-1,-1,-1
50,3,474.953857421875,141.78892517089844,189.24774169921875,296.84619140625,-1,-1,-1,-1
51,3,472.4229736328125,142.64825439453125,188.5003662109375,290.9683532714844,-1,-1,-1,-1
52,3,472.22900390625,142.78407287597656,188.8392333984375,290.7762451171875,-1,-1,-1,-1
53,3,468.369140625,142.08773803710938,192.55181884765625,294.38604736328125,-1,-1,-1,-1
54,3,469.4149475097656,140.99644470214844,187.71389770507812,298.5262451171875,-1,-1,-1,-1
55,3,466.2006530761719,137.07534790039062,189.99118041992188,295.5057067871094,-1,-1,-1,-1
56,3,463.9112243652344,135.3087615966797,190.77297973632812,317.5313720703125,-1,-1,-1,-1
57,3,466.9130554199219,134.99835205078125,179.97396850585938,314.4804992675781,-1,-1,-1,-1
58,3,467.8429260253906,134.86582946777344,178.74417114257812,314.50860595703125,-1,-1,-1,-1
59,3,461.91302490234375,137.39202880859375,158.41534423828125,303.70147705078125,-1,-1,-1,-1
60,3,454.7551574707031,135.71022033691406,157.57589721679688,321.401123046875,-1,-1,-1,-1
61,3,459.7195129394531,140.33360290527344,135.19790649414062,263.390380859375,-1,-1,-1,-1
62,3,464.9294738769531,140.8228302001953,123.78384399414062,261.71832275390625,-1,-1,-1,-1
63,3,462.3834228515625,140.3976593017578,119.174072265625,265.30853271484375,-1,-1,-1,-1
64,3,462.72344970703125,140.298095703125,118.58154296875,268.2803649902344,-1,-1,-1,-1
65,3,444.0785827636719,139.8310546875,136.63455200195312,284.54754638671875,-1,-1,-1,-1
66,3,438.3219299316406,140.6154327392578,141.61459350585938,306.3096923828125,-1,-1,-1,-1
67,3,429.56011962890625,141.43435668945312,148.87054443359375,316.7098693847656,-1,-1,-1,-1
68,3,424.50439453125,142.7823944091797,149.2034912109375,316.1534423828125,-1,-1,-1,-1
69,3,416.12884521484375,144.3769073486328,157.11077880859375,317.78900146484375,-1,-1,-1,-1
70,3,415.7720642089844,144.5544891357422,158.56973266601562,317.620849609375,-1,-1,-1,-1
71,3,406.9457092285156,145.3612060546875,158.71286010742188,317.68487548828125,-1,-1,-1,-1
72,3,413.5577087402344,146.06248474121094,153.48831176757812,296.0426025390625,-1,-1,-1,-1
73,3,404.25830078125,143.16664123535156,162.2611083984375,301.2481689453125,-1,-1,-1,-1
74,3,394.92840576171875,142.37953186035156,165.6590576171875,319.7882080078125,-1,-1,-1,-1
75,3,382.08477783203125,141.76275634765625,174.94659423828125,323.0040283203125,-1,-1,-1,-1
76,3,381.3633117675781,141.66465759277344,176.04800415039062,323.23870849609375,-1,-1,-1,-1
77,3,377.6180114746094,138.9591064453125,173.10189819335938,326.0115051269531,-1,-1,-1,-1
78,3,381.6605529785156,138.86688232421875,157.53921508789062,328.73931884765625,-1,-1,-1,-1
79,3,387.0360107421875,139.07579040527344,150.4847412109375,331.0953369140625,-1,-1,-1,-1
80,3,404.085205078125,139.19418334960938,132.9656982421875,328.00732421875,-1,-1,-1,-1
81,3,412.6009521484375,140.13929748535156,120.75390625,329.609375,-1,-1,-1,-1
82,3,412.2545166015625,140.1280059814453,121.126953125,323.47296142578125,-1,-1,-1,-1
83,3,421.6429443359375,141.18841552734375,111.31829833984375,328.1900329589844,-1,-1,-1,-1
84,3,430.38555908203125,141.7887725830078,101.8128662109375,333.3016357421875,-1,-1,-1,-1
85,3,427.0085754394531,142.49459838867188,108.46420288085938,336.4776916503906,-1,-1,-1,-1
86,3,425.78277587890625,142.70494079589844,118.40093994140625,331.192626953125,-1,-1,-1,-1
87,3,426.1080627441406,144.8737335205078,121.22531127929688,311.49786376953125,-1,-1,-1,-1
88,3,425.83172607421875,144.87786865234375,121.75396728515625,308.66748046875,-1,-1,-1,-1
89,3,430.54412841796875,147.96546936035156,124.12542724609375,302.8765869140625,-1,-1,-1,-1
90,3,416.9156494140625,150.53221130371094,151.82745361328125,289.39117431640625,-1,-1,-1,-1
91,3,405.22454833984375,156.7831573486328,179.70123291015625,292.52947998046875,-1,-1,-1,-1
92,3,396.76727294921875,161.7720947265625,208.13665771484375,287.94635009765625,-1,-1,-1,-1
93,3,395.2652893066406,167.41319274902344,253.77114868164062,325.49432373046875,-1,-1,-1,-1
94,3,394.3641052246094,167.85980224609375,255.55374145507812,325.4496154785156,-1,-1,-1,-1
95,3,389.48760986328125,173.07894897460938,265.3309326171875,321.7240905761719,-1,-1,-1,-1
96,3,401.05682373046875,179.9309844970703,251.89373779296875,317.09051513671875,-1,-1,-1,-1
97,3,391.71612548828125,182.70529174804688,269.714111328125,305.877197265625,-1,-1,-1,-1
98,3,393.4954833984375,184.9561767578125,259.49212646484375,313.19293212890625,-1,-1,-1,-1
1,4,638.4573974609375,106.86811828613281,168.22491455078125,322.11553955078125,-1,-1,-1,-1
2,4,634.4497680664062,108.1470718383789,173.53814697265625,325.81072998046875,-1,-1,-1,-1
3,4,648.42919921875,104.48988342285156,154.890869140625,295.18109130859375,-1,-1,-1,-1
4,4,647.7432250976562,104.38399505615234,155.49359130859375,291.5990295410156,-1,-1,-1,-1
5,4,649.4002685546875,102.75093841552734,151.8343505859375,315.6881103515625,-1,-1,-1,-1
6,4,646.1517333984375,115.04344177246094,146.692138671875,287.15911865234375,-1,-1,-1,-1
7,4,663.6001586914062,117.11600494384766,133.7745361328125,293.2879333496094,-1,-1,-1,-1
8,4,669.2763671875,115.04443359375,124.45458984375,300.2403259277344,-1,-1,-1,-1
9,4,677.4278564453125,114.74077606201172,123.889404296875,315.53314208984375,-1,-1,-1,-1
10,4,677.9046020507812,114.7099838256836,123.17059326171875,316.05059814453125,-1,-1,-1,-1
11,4,681.9799194335938,114.7556381225586,123.91546630859375,314.7919921875,-1,-1,-1,-1
12,4,677.2066040039062,115.4471206665039,125.92218017578125,314.70086669921875,-1,-1,-1,-1
13,4,676.4261474609375,114.58130645751953,124.9005126953125,321.4404296875,-1,-1,-1,-1
14,4,672.7367553710938,113.64908599853516,129.27166748046875,321.96966552734375,-1,-1,-1,-1
15,4,665.929931640625,113.7662353515625,139.86676025390625,335.7897033691406,-1,-1,-1,-1
16,4,665.25,113.98458099365234,141.56353759765625,337.7688293457031,-1,-1,-1,-1
17,4,663.9369506835938,115.89380645751953,140.9268798828125,327.4968566894531,-1,-1,-1,-1
18,4,658.2369995117188,116.3770980834961,170.4000244140625,340.6274719238281,-1,-1,-1,-1
19,4,654.8662719726562,117.42534637451172,171.03765869140625,336.815185546875,-1,-1,-1,-1
20,4,650.377197265625,118.75701904296875,169.28631591796875,343.4441223144531,-1,-1,-1,-1
21,4,651.3184814453125,118.63426208496094,164.998046875,332.18743896484375,-1,-1,-1,-1
22,4,650.3212280273438,118.66146087646484,166.6104736328125,330.9205627441406,-1,-1,-1,-1
23,4,643.302490234375,119.96533966064453,168.77557373046875,337.7785949707031,-1,-1,-1,-1
24,4,648.16650390625,121.72846984863281,163.58013916015625,296.0645751953125,-1,-1,-1,-1
25,4,639.5816650390625,117.89812469482422,181.004150390625,338.43310546875,-1,-1,-1,-1
26,4,647.27294921875,119.94845581054688,170.93121337890625,336.55438232421875,-1,-1,-1,-1
27,4,646.7103881835938,117.08126068115234,172.563232421875,350.4150390625,-1,-1,-1,-1
28,4,646.450439453125,117.35389709472656,174.15948486328125,350.3096923828125,-1,-1,-1,-1
29,4,655.36181640625,117.31370544433594,169.56671142578125,350.59747314453125,-1,-1,-1,-1
30,4,663.5439453125,116.04232788085938,166.418212890625,353.26739501953125,-1,-1,-1,-1
31,4,677.4560546875,114.2300033569336,152.16790771484375,354.12347412109375,-1,-1,-1,-1
32,4,687.8389892578125,116.22469329833984,145.10186767578125,349.0152282714844,-1,-1,-1,-1
33,4,698.7813720703125,117.74266815185547,139.1915283203125,355.5714111328125,-1,-1,-1,-1
34,4,699.268798828125,117.70221710205078,138.2996826171875,355.92840576171875,-1,-1,-1,-1
35,4,714.484130859375,116.21038055419922,126.82623291015625,322.57666015625,-1,-1,-1,-1
36,4,718.0901489257812,120.26162719726562,129.43170166015625,317.62738037109375,-1,-1,-1,-1
37,4,719.383544921875,115.70965576171875,139.29241943359375,349.6087646484375,-1,-1,-1,-1
38,4,731.176025390625,116.44319915771484,131.57342529296875,358.0058898925781,-1,-1,-1,-1
39,4,738.7298583984375,119.00887298583984,128.42327880859375,356.3592224121094,-1,-1,-1,-1
40,4,738.7576904296875,119.09284210205078,128.53070068359375,356.3084716796875,-1,-1,-1,-1
41,4,745.27587890625,121.071533203125,122.0687255859375,353.4653015136719,-1,-1,-1,-1
42,4,751.2444458007812,123.84127807617188,114.19622802734375,352.2998962402344,-1,-1,-1,-1
43,4,756.1473999023438,124.72502136230469,109.20709228515625,344.20849609375,-1,-1,-1,-1
44,4,760.060791015625,131.27328491210938,109.405517578125,337.2854309082031,-1,-1,-1,-1
45,4,758.521728515625,130.4393768310547,113.13287353515625,332.05859375,-1,-1,-1,-1
46,4,758.4915771484375,130.19503784179688,113.22857666015625,331.7646789550781,-1,-1,-1,-1
47,4,761.4439697265625,130.68870544433594,114.53466796875,331.3834228515625,-1,-1,-1,-1
48,4,759.5294189453125,133.1178436279297,115.22320556640625,326.19610595703125,-1,-1,-1,-1
49,4,757.0287475585938,137.14093017578125,128.7301025390625,346.5811462402344,-1,-1,-1,-1
50,4,755.0390014648438,138.47552490234375,134.22918701171875,337.1424560546875,-1,-1,-1,-1
51,4,751.8472290039062,138.22213745117188,144.03619384765625,348.479736328125,-1,-1,-1,-1
52,4,751.7488403320312,138.43162536621094,144.34423828125,348.40087890625,-1,-1,-1,-1
53,4,750.7188720703125,132.56739807128906,156.59368896484375,355.40350341796875,-1,-1,-1,-1
54,4,746.905029296875,132.22230529785156,164.3863525390625,356.0748291015625,-1,-1,-1,-1
55,4,742.9495239257812,137.82717895507812,174.16802978515625,350.7845764160156,-1,-1,-1,-1
56,4,738.824462890625,151.34249877929688,178.02056884765625,335.1587219238281,-1,-1,-1,-1
57,4,733.228759765625,151.43377685546875,183.59918212890625,335.9906005859375,-1,-1,-1,-1
58,4,733.1497192382812,150.84130859375,183.6793212890625,336.91162109375,-1,-1,-1,-1
59,4,723.238525390625,158.34054565429688,188.489501953125,321.8133850097656,-1,-1,-1,-1
60,4,710.80859375,161.62417602539062,195.68017578125,323.21173095703125,-1,-1,-1,-1
61,4,701.5953369140625,168.00196838378906,201.0543212890625,321.23162841796875,-1,-1,-1,-1
62,4,696.463134765625,166.63177490234375,203.180908203125,323.2950439453125,-1,-1,-1,-1
63,4,693.2835693359375,174.47344970703125,204.19915771484375,316.3045959472656,-1,-1,-1,-1
64,4,693.1094360351562,175.3623046875,204.49334716796875,315.51214599609375,-1,-1,-1,-1
65,4,695.6556396484375,181.02857971191406,196.22808837890625,310.7662353515625,-1,-1,-1,-1
66,4,696.79296875,184.11305236816406,201.12225341796875,308.90423583984375,-1,-1,-1,-1
67,4,709.7319946289062,183.72769165039062,197.16241455078125,299.2352600097656,-1,-1,-1,-1
68,4,716.36865234375,185.85018920898438,196.78662109375,308.3119812011719,-1,-1,-1,-1
69,4,731.1788330078125,187.118896484375,191.2362060546875,306.30377197265625,-1,-1,-1,-1
70,4,731.726318359375,187.09536743164062,190.4898681640625,306.3644714355469,-1,-1,-1,-1
71,4,751.1353759765625,186.06639099121094,171.58056640625,311.13201904296875,-1,-1,-1,-1
72,4,770.412353515625,186.7003173828125,156.69964599609375,306.4972839355469,-1,-1,-1,-1
73,4,782.0391235351562,185.2024383544922,154.0078125,311.78070068359375,-1,-1,-1,-1
74,4,791.2289428710938,184.920654296875,151.389892578125,309.53704833984375,-1,-1,-1,-1
75,4,800.8308715820312,185.90440368652344,143.28375244140625,311.34735107421875,-1,-1,-1,-1
76,4,801.1083374023438,185.8180694580078,142.89178466796875,311.65887451171875,-1,-1,-1,-1
77,4,807.358154296875,185.7969970703125,144.92596435546875,313.076416015625,-1,-1,-1,-1
78,4,813.3944702148438,187.54025268554688,150.89227294921875,314.03948974609375,-1,-1,-1,-1
79,4,821.3502807617188,188.97088623046875,153.6429443359375,309.80816650390625,-1,-1,-1,-1
80,4,822.9912109375,191.26614379882812,140.0032958984375,304.3109436035156,-1,-1,-1,-1
81,4,827.8922119140625,194.57952880859375,144.8067626953125,301.80224609375,-1,-1,-1,-1
82,4,827.7447509765625,194.75001525878906,145.2901611328125,301.77142333984375,-1,-1,-1,-1
83,4,830.0003662109375,196.7991180419922,173.6993408203125,304.2169189453125,-1,-1,-1,-1
84,4,835.6121215820312,200.62167358398438,175.33795166015625,310.3954162597656,-1,-1,-1,-1
85,4,831.1739501953125,202.94692993164062,178.5865478515625,309.2006530761719,-1,-1,-1,-1
86,4,826.4473876953125,206.4200897216797,179.5157470703125,303.5389404296875,-1,-1,-1,-1
87,4,821.6378784179688,212.38034057617188,180.7015380859375,300.1459655761719,-1,-1,-1,-1
88,4,821.6275634765625,212.59222412109375,180.706787109375,300.0458679199219,-1,-1,-1,-1
89,4,816.3765869140625,216.34878540039062,177.0521240234375,297.50543212890625,-1,-1,-1,-1
90,4,813.244140625,220.6551513671875,173.18792724609375,292.8135986328125,-1,-1,-1,-1
91,4,809.078125,223.29161071777344,189.23626708984375,289.68072509765625,-1,-1,-1,-1
92,4,803.37548828125,226.20571899414062,188.4107666015625,283.6452941894531,-1,-1,-1,-1
93,4,805.0526123046875,229.2487335205078,186.0848388671875,277.63665771484375,-1,-1,-1,-1
94,4,805.0404663085938,229.4732208251953,186.24822998046875,277.14056396484375,-1,-1,-1,-1
95,4,802.564697265625,228.2301025390625,191.76141357421875,272.7572937011719,-1,-1,-1,-1
96,4,795.9435424804688,226.84996032714844,182.0150146484375,268.51373291015625,-1,-1,-1,-1
97,4,792.2728881835938,224.5629425048828,178.042236328125,270.82513427734375,-1,-1,-1,-1
98,4,791.7756958007812,224.82537841796875,164.6065673828125,275.86669921875,-1,-1,-1,-1
1,5,535.759765625,117.17555236816406,102.593505859375,263.3184814453125,-1,-1,-1,-1
2,5,529.7061157226562,118.51319885253906,109.491455078125,277.78472900390625,-1,-1,-1,-1
3,5,527.0533447265625,120.35961151123047,108.78955078125,270.2236328125,-1,-1,-1,-1
4,5,525.7011108398438,120.03623962402344,110.8651123046875,267.39215087890625,-1,-1,-1,-1
5,5,529.3782348632812,122.10331726074219,105.575927734375,263.231201171875,-1,-1,-1,-1
6,5,529.9993896484375,123.26385498046875,95.720947265625,257.94879150390625,-1,-1,-1,-1
7,5,527.414306640625,123.62054443359375,93.5350341796875,257.5859680175781,-1,-1,-1,-1
8,5,523.4270629882812,123.77662658691406,95.29840087890625,249.37403869628906,-1,-1,-1,-1
9,5,522.2374877929688,123.13886260986328,103.2884521484375,252.71124267578125,-1,-1,-1,-1
10,5,522.125244140625,123.18600463867188,103.76824951171875,252.44793701171875,-1,-1,-1,-1
11,5,519.3117065429688,123.18307495117188,114.231201171875,252.82403564453125,-1,-1,-1,-1
12,5,519.1580810546875,122.51795959472656,107.4371337890625,247.1537628173828,-1,-1,-1,-1
13,5,517.0503540039062,119.65406799316406,101.67120361328125,247.3480682373047,-1,-1,-1,-1
14,5,499.9668273925781,116.85333251953125,98.86819458007812,252.36544799804688,-1,-1,-1,-1
15,5,484.8233947753906,114.68333435058594,109.88009643554688,264.13958740234375,-1,-1,-1,-1
16,5,483.4977111816406,114.67547607421875,111.80331420898438,264.7966613769531,-1,-1,-1,-1
17,5,490.91668701171875,114.1801986694336,104.82440185546875,271.3559265136719,-1,-1,-1,-1
18,5,480.37139892578125,113.43846130371094,113.29803466796875,267.0428466796875,-1,-1,-1,-1
19,5,444.12445068359375,113.63093566894531,148.46759033203125,274.72906494140625,-1,-1,-1,-1
20,5,417.89556884765625,114.50163269042969,167.4254150390625,273.90087890625,-1,-1,-1,-1
21,5,417.537841796875,114.30726623535156,164.7210693359375,271.99627685546875,-1,-1,-1,-1
22,5,418.9586486816406,114.29669952392578,162.51571655273438,272.1093444824219,-1,-1,-1,-1
23,5,422.34710693359375,116.55957794189453,150.24072265625,279.9107666015625,-1,-1,-1,-1
24,5,419.8035583496094,117.44514465332031,148.19796752929688,277.1490478515625,-1,-1,-1,-1
25,5,412.78106689453125,118.74745178222656,139.92706298828125,281.06390380859375,-1,-1,-1,-1
26,5,424.0648498535156,121.21659851074219,119.75192260742188,266.9849853515625,-1,-1,-1,-1
27,5,412.9310302734375,121.6567611694336,126.6488037109375,270.31658935546875,-1,-1,-1,-1
28,5,411.995361328125,121.62567901611328,127.810791015625,270.5848388671875,-1,-1,-1,-1
29,5,411.0133972167969,122.27944946289062,126.58529663085938,245.91665649414062,-1,-1,-1,-1
30,5,406.19500732421875,120.66226196289062,131.08416748046875,283.5052490234375,-1,-1,-1,-1
31,5,401.39849853515625,118.94515991210938,134.82049560546875,284.6592102050781,-1,-1,-1,-1
32,5,408.5396423339844,118.12529754638672,121.87265014648438,284.3548889160156,-1,-1,-1,-1
33,5,398.5593566894531,117.43456268310547,120.51651000976562,288.6441955566406,-1,-1,-1,-1
34,5,398.7139892578125,117.35302734375,119.830078125,288.7529602050781,-1,-1,-1,-1
35,5,409.04107666015625,119.24114227294922,104.3624267578125,274.19927978515625,-1,-1,-1,-1
36,5,415.38128662109375,119.56395721435547,114.256591796875,281.0037841796875,-1,-1,-1,-1
37,5,410.2341613769531,122.85150146484375,120.48812866210938,281.7381286621094,-1,-1,-1,-1
38,5,406.30047607421875,125.35419464111328,123.641357421875,281.1510314941406,-1,-1,-1,-1
39,5,401.4394836425781,126.48075103759766,118.35305786132812,278.0788269042969,-1,-1,-1,-1
40,5,401.81536865234375,126.36724090576172,117.5772705078125,278.49462890625,-1,-1,-1,-1
41,5,396.91314697265625,127.6346206665039,116.17587280273438,276.4675598144531,-1,-1,-1,-1
42,5,397.47674560546875,127.62664031982422,115.5657958984375,282.7132873535156,-1,-1,-1,-1
43,5,400.11859130859375,127.3812484741211,106.98593139648438,272.24176025390625,-1,-1,-1,-1
44,5,397.87420654296875,126.73458862304688,104.91241455078125,275.23248291015625,-1,-1,-1,-1
45,5,394.88037109375,124.39813995361328,104.402099609375,275.784423828125,-1,-1,-1,-1
46,5,395.66058349609375,124.25851440429688,103.32281494140625,275.8598327636719,-1,-1,-1,-1
47,5,386.9078369140625,122.32994079589844,108.45123291015625,280.95489501953125,-1,-1,-1,-1
48,5,386.38653564453125,124.1690902709961,109.63214111328125,276.02508544921875,-1,-1,-1,-1
49,5,366.6396179199219,124.9713134765625,126.16104125976562,278.4520263671875,-1,-1,-1,-1
50,5,358.44793701171875,125.63101959228516,138.71826171875,278.4307556152344,-1,-1,-1,-1
51,5,350.3096923828125,127.92192840576172,146.42425537109375,267.2585754394531,-1,-1,-1,-1
52,5,345.39178466796875,127.9809799194336,152.34658813476562,267.0976867675781,-1,-1,-1,-1
53,5,350.92584228515625,131.02732849121094,140.38043212890625,273.56951904296875,-1,-1,-1,-1
54,5,350.5160217285156,133.97833251953125,136.21676635742188,286.8055114746094,-1,-1,-1,-1
55,5,335.47705078125,137.8783721923828,148.030029296875,284.57666015625,-1,-1,-1,-1
56,5,347.3558349609375,141.17431640625,132.0511474609375,277.95989990234375,-1,-1,-1,-1
57,5,342.5526123046875,143.15374755859375,130.74151611328125,275.75604248046875,-1,-1,-1,-1
58,5,342.5146179199219,143.16787719726562,130.72808837890625,275.68994140625,-1,-1,-1,-1
59,5,342.11383056640625,143.49322509765625,133.39532470703125,276.761962890625,-1,-1,-1,-1
60,5,341.803466796875,144.1358184814453,134.88836669921875,280.0430908203125,-1,-1,-1,-1
61,5,352.27642822265625,144.51527404785156,125.25592041015625,258.857666015625,-1,-1,-1,-1
62,5,357.2872009277344,143.4744415283203,122.9278564453125,269.2213134765625,-1,-1,-1,-1
63,5,364.3697204589844,143.25927734375,110.09262084960938,266.86126708984375,-1,-1,-1,-1
64,5,365.03424072265625,143.03704833984375,109.11514282226562,267.37554931640625,-1,-1,-1,-1
65,5,360.54254150390625,143.50628662109375,115.1046142578125,269.6234436035156,-1,-1,-1,-1
66,5,367.38299560546875,146.0839385986328,109.63079833984375,278.1817626953125,-1,-1,-1,-1
67,5,372.5118713378906,149.74154663085938,109.96224975585938,275.470703125,-1,-1,-1,-1
68,5,378.0377197265625,153.6182403564453,101.90899658203125,273.206787109375,-1,-1,-1,-1
69,5,381.3468322753906,157.30380249023438,101.11312866210938,263.471435546875,-1,-1,-1,-1
70,5,380.81329345703125,157.30567932128906,101.47698974609375,263.0306396484375,-1,-1,-1,-1
71,5,386.46453857421875,158.59561157226562,103.99142456054688,275.74627685546875,-1,-1,-1,-1
72,5,387.4422607421875,161.9629364013672,95.2822265625,262.9931640625,-1,-1,-1,-1
73,5,383.321533203125,164.90756225585938,95.85931396484375,285.736572265625,-1,-1,-1,-1
74,5,379.96478271484375,167.10458374023438,103.67202758789062,294.212890625,-1,-1,-1,-1
75,5,376.76788330078125,169.3911895751953,113.5665283203125,291.69635009765625,-1,-1,-1,-1
76,5,375.73651123046875,170.331787109375,117.64627075195312,290.4759521484375,-1,-1,-1,-1
77,5,377.40435791015625,168.2568817138672,121.07452392578125,290.07513427734375,-1,-1,-1,-1
78,5,382.2791748046875,170.18470764160156,121.30557250976562,293.78973388671875,-1,-1,-1,-1
79,5,386.9082336425781,169.09817504882812,111.82672119140625,284.2831726074219,-1,-1,-1,-1
80,5,389.6761779785156,169.5758819580078,102.08779907226562,297.3125,-1,-1,-1,-1
81,5,396.5961608886719,168.72972106933594,97.22201538085938,298.7510986328125,-1,-1,-1,-1
82,5,396.1822204589844,168.96876525878906,97.69174194335938,298.460693359375,-1,-1,-1,-1
83,5,385.8455505371094,169.96664428710938,78.4267578125,233.1082763671875,-1,-1,-1,-1
84,5,383.21392822265625,169.22979736328125,80.02963256835938,231.90008544921875,-1,-1,-1,-1
85,5,379.8598327636719,168.30267333984375,82.5091552734375,233.07992553710938,-1,-1,-1,-1
86,5,385.29974365234375,168.2932891845703,83.86239624023438,233.8309783935547,-1,-1,-1,-1
87,5,388.6686096191406,166.82913208007812,79.04495239257812,236.14846801757812,-1,-1,-1,-1
88,5,389.14337158203125,166.85552978515625,77.80490112304688,236.03369140625,-1,-1,-1,-1
89,5,391.52569580078125,165.3485107421875,82.2274169921875,241.4173583984375,-1,-1,-1,-1
90,5,390.99920654296875,165.6724853515625,82.18881225585938,263.4619140625,-1,-1,-1,-1
91,5,387.8394775390625,167.34751892089844,85.16543579101562,265.10333251953125,-1,-1,-1,-1
92,5,388.7638244628906,168.726806640625,86.12765502929688,263.43994140625,-1,-1,-1,-1
93,5,386.8242492675781,168.2103271484375,93.00454711914062,252.68695068359375,-1,-1,-1,-1
94,5,386.64886474609375,168.4620819091797,93.5384521484375,245.1452178955078,-1,-1,-1,-1
95,5,383.3592834472656,169.90643310546875,101.06536865234375,256.77264404296875,-1,-1,-1,-1
96,5,387.11444091796875,172.84568786621094,100.094970703125,244.11424255371094,-1,-1,-1,-1
97,5,384.05029296875,173.16062927246094,110.11355590820312,242.22486877441406,-1,-1,-1,-1
98,5,391.7047119140625,174.8800048828125,107.20758056640625,247.39752197265625,-1,-1,-1,-1
20,6,532.1163940429688,133.9347381591797,115.035888671875,247.10423278808594,-1,-1,-1,-1
21,6,532.2494506835938,132.70252990722656,107.16949462890625,252.07237243652344,-1,-1,-1,-1
22,6,532.66552734375,132.20196533203125,104.18927001953125,253.90692138671875,-1,-1,-1,-1
23,6,525.9491577148438,131.33396911621094,106.613525390625,256.05467224121094,-1,-1,-1,-1
24,6,513.7853393554688,134.60382080078125,108.20501708984375,241.4888916015625,-1,-1,-1,-1
25,6,518.218994140625,136.81297302246094,103.2764892578125,248.7792205810547,-1,-1,-1,-1
26,6,512.4221801757812,150.23826599121094,97.6990966796875,233.94325256347656,-1,-1,-1,-1
27,6,506.8058166503906,141.33566284179688,101.96511840820312,250.5526123046875,-1,-1,-1,-1
28,6,510.50360107421875,141.94039916992188,104.79364013671875,251.5245361328125,-1,-1,-1,-1
29,6,510.9510192871094,143.92274475097656,101.61178588867188,244.9602508544922,-1,-1,-1,-1
30,6,488.5976257324219,156.5160675048828,100.77914428710938,236.7204132080078,-1,-1,-1,-1
31,6,469.170166015625,160.27455139160156,118.15582275390625,241.06370544433594,-1,-1,-1,-1
32,6,461.5950927734375,162.04385375976562,117.17279052734375,252.05609130859375,-1,-1,-1,-1
33,6,458.9845886230469,164.8336181640625,115.18850708007812,273.6186828613281,-1,-1,-1,-1
34,6,458.7801818847656,165.24160766601562,116.52871704101562,281.2990417480469,-1,-1,-1,-1
35,6,466.2861022949219,159.0399627685547,109.56405639648438,285.34112548828125,-1,-1,-1,-1
36,6,473.3582763671875,181.14053344726562,91.7530517578125,240.67959594726562,-1,-1,-1,-1
37,6,457.7129821777344,179.43370056152344,116.07376098632812,249.16954040527344,-1,-1,-1,-1
38,6,454.08843994140625,146.6871337890625,139.99969482421875,308.0287170410156,-1,-1,-1,-1
39,6,457.0325927734375,146.0143280029297,149.792724609375,301.66815185546875,-1,-1,-1,-1
40,6,456.58453369140625,143.31590270996094,158.00799560546875,305.10589599609375,-1,-1,-1,-1
39,7,509.6875915527344,122.51071166992188,138.07992553710938,303.4538269042969,-1,-1,-1,-1
40,7,511.5255126953125,122.4044189453125,136.4537353515625,302.4668273925781,-1,-1,-1,-1
41,7,514.60205078125,120.38500213623047,138.6466064453125,303.671142578125,-1,-1,-1,-1
42,7,509.3271789550781,126.84571838378906,145.68746948242188,297.96514892578125,-1,-1,-1,-1
43,7,512.1392822265625,126.03461456298828,137.9117431640625,284.6226806640625,-1,-1,-1,-1
44,7,509.8556213378906,124.51028442382812,132.51119995117188,281.3213806152344,-1,-1,-1,-1
45,7,508.190185546875,127.1106948852539,150.36834716796875,286.9897766113281,-1,-1,-1,-1
46,7,501.4223937988281,125.76781463623047,154.66830444335938,292.75006103515625,-1,-1,-1,-1
47,7,490.8565673828125,126.74188232421875,162.1995849609375,294.54278564453125,-1,-1,-1,-1
48,7,486.3995361328125,136.16702270507812,166.62615966796875,298.0162353515625,-1,-1,-1,-1
49,8,517.2122192382812,136.28964233398438,137.41314697265625,283.3489685058594,-1,-1,-1,-1
50,8,515.4458618164062,141.06344604492188,136.3096923828125,277.41387939453125,-1,-1,-1,-1
51,8,515.72021484375,140.38050842285156,136.04180908203125,269.629638671875,-1,-1,-1,-1
52,8,516.393310546875,140.1196746826172,135.3155517578125,269.03997802734375,-1,-1,-1,-1
53,8,516.0994262695312,140.17098999023438,134.75421142578125,269.24102783203125,-1,-1,-1,-1
54,8,514.8382568359375,138.88450622558594,130.6719970703125,277.93841552734375,-1,-1,-1,-1
55,8,507.5115966796875,138.5834197998047,136.4666748046875,279.575439453125,-1,-1,-1,-1
56,8,501.8421325683594,141.19476318359375,141.69564819335938,264.50018310546875,-1,-1,-1,-1
57,8,503.6404113769531,139.06900024414062,136.53329467773438,265.6527404785156,-1,-1,-1,-1
58,8,505.83367919921875,139.11764526367188,134.66961669921875,265.7482604980469,-1,-1,-1,-1
59,8,505.6940612792969,142.9454345703125,118.44107055664062,261.8313903808594,-1,-1,-1,-1
60,8,525.09619140625,156.30775451660156,102.54864501953125,248.9128875732422,-1,-1,-1,-1
61,8,533.6351318359375,152.68341064453125,102.0948486328125,257.1248474121094,-1,-1,-1,-1
62,8,530.6419677734375,153.07192993164062,113.12554931640625,257.9111633300781,-1,-1,-1,-1
63,8,539.753173828125,156.85206604003906,106.90838623046875,250.05885314941406,-1,-1,-1,-1
64,8,540.4351806640625,156.90151977539062,106.4136962890625,250.16629028320312,-1,-1,-1,-1
65,8,525.015869140625,153.74647521972656,124.14532470703125,274.709228515625,-1,-1,-1,-1
66,8,525.7630004882812,155.85650634765625,121.87615966796875,261.03375244140625,-1,-1,-1,-1
67,8,530.6404418945312,157.9657745361328,120.20941162109375,253.6176300048828,-1,-1,-1,-1
68,8,533.6119384765625,159.18821716308594,116.7607421875,251.74058532714844,-1,-1,-1,-1
69,8,537.6844482421875,160.03741455078125,111.1732177734375,250.78994750976562,-1,-1,-1,-1
70,8,537.9165649414062,159.9929962158203,110.81866455078125,250.7953643798828,-1,-1,-1,-1
71,8,537.865966796875,159.51434326171875,113.25994873046875,277.5193176269531,-1,-1,-1,-1
72,8,539.6451416015625,159.8354034423828,108.965576171875,267.92022705078125,-1,-1,-1,-1
73,8,539.3594970703125,161.4420928955078,105.69708251953125,272.91619873046875,-1,-1,-1,-1
74,8,540.2260131835938,163.30560302734375,100.20220947265625,272.04779052734375,-1,-1,-1,-1
75,8,541.1015625,163.44696044921875,98.84088134765625,267.7516174316406,-1,-1,-1,-1
76,8,541.0333251953125,163.47055053710938,98.9501953125,267.0892028808594,-1,-1,-1,-1
77,8,540.2938842773438,163.50784301757812,96.44866943359375,265.14990234375,-1,-1,-1,-1
78,8,541.2763671875,167.59814453125,94.8648681640625,270.53802490234375,-1,-1,-1,-1
79,8,539.6753540039062,163.4627685546875,99.01080322265625,283.58447265625,-1,-1,-1,-1
80,8,535.3063354492188,164.63064575195312,102.68804931640625,291.9541320800781,-1,-1,-1,-1
81,8,532.0594482421875,160.13140869140625,103.0888671875,291.424560546875,-1,-1,-1,-1
82,8,531.94384765625,159.92242431640625,103.414794921875,291.1510314941406,-1,-1,-1,-1
83,8,530.4937133789062,167.30369567871094,96.5855712890625,274.7655029296875,-1,-1,-1,-1
84,8,529.9508056640625,174.53756713867188,96.03814697265625,272.349365234375,-1,-1,-1,-1
85,8,527.79345703125,175.4386749267578,91.4095458984375,237.37913513183594,-1,-1,-1,-1
86,8,523.8104248046875,174.9921875,99.33880615234375,271.3031921386719,-1,-1,-1,-1
87,8,525.03271484375,176.14743041992188,99.90838623046875,275.917236328125,-1,-1,-1,-1
88,8,525.194091796875,176.2073516845703,99.71478271484375,276.0682373046875,-1,-1,-1,-1
89,8,524.3980712890625,176.08139038085938,97.69476318359375,272.8054504394531,-1,-1,-1,-1
90,8,517.1464233398438,175.96058654785156,101.3079833984375,271.8092041015625,-1,-1,-1,-1
91,8,516.029296875,176.65858459472656,100.273681640625,244.69654846191406,-1,-1,-1,-1
92,8,509.212158203125,176.2972412109375,105.9102783203125,254.92098999023438,-1,-1,-1,-1
93,8,506.17755126953125,175.957275390625,132.9459228515625,257.4169616699219,-1,-1,-1,-1
94,8,504.9407043457031,176.2169952392578,135.40322875976562,256.8841094970703,-1,-1,-1,-1
95,8,505.51971435546875,177.39993286132812,142.5401611328125,253.91647338867188,-1,-1,-1,-1
96,8,507.2859802246094,177.6334228515625,145.91421508789062,282.7447204589844,-1,-1,-1,-1
97,8,510.1282653808594,179.9119873046875,146.61026000976562,274.79827880859375,-1,-1,-1,-1
98,8,515.6607666015625,182.75587463378906,133.37054443359375,265.2481689453125,-1,-1,-1,-1
62,9,321.71661376953125,163.6849822998047,116.77584838867188,239.7018585205078,-1,-1,-1,-1
63,9,319.67974853515625,166.40447998046875,113.98800659179688,230.60760498046875,-1,-1,-1,-1
64,9,319.51483154296875,165.75869750976562,115.47869873046875,231.92861938476562,-1,-1,-1,-1
65,9,313.6329650878906,168.32252502441406,120.433349609375,232.0638885498047,-1,-1,-1,-1
66,9,344.09716796875,169.12413024902344,91.40203857421875,220.66587829589844,-1,-1,-1,-1
67,9,348.76385498046875,170.3971710205078,87.41839599609375,221.6418914794922,-1,-1,-1,-1
68,9,352.5104675292969,172.220703125,81.27902221679688,220.27801513671875,-1,-1,-1,-1
69,9,353.08734130859375,174.1403350830078,79.9200439453125,219.5629119873047,-1,-1,-1,-1
70,9,352.6533203125,174.1431427001953,80.59808349609375,219.65660095214844,-1,-1,-1,-1
71,9,352.7288818359375,174.2085418701172,84.04086303710938,220.33717346191406,-1,-1,-1,-1
72,9,350.341796875,173.0838623046875,84.734619140625,220.37710571289062,-1,-1,-1,-1
73,9,350.5513610839844,173.32223510742188,86.03530883789062,221.62078857421875,-1,-1,-1,-1
74,9,349.0004577636719,174.3099822998047,86.36749267578125,222.78636169433594,-1,-1,-1,-1
75,9,349.1724853515625,174.112060546875,86.2474365234375,220.4947509765625,-1,-1,-1,-1
76,9,349.2366638183594,174.2296600341797,85.99298095703125,218.74241638183594,-1,-1,-1,-1
77,9,347.8149108886719,173.92897033691406,83.40188598632812,214.09153747558594,-1,-1,-1,-1
78,9,347.57232666015625,177.57518005371094,81.398193359375,209.80848693847656,-1,-1,-1,-1
79,9,351.0435791015625,166.2502899169922,75.5206298828125,231.35935974121094,-1,-1,-1,-1
80,9,347.7689514160156,162.1630096435547,79.77786254882812,235.7457733154297,-1,-1,-1,-1
81,9,347.552001953125,163.52261352539062,81.47052001953125,235.11117553710938,-1,-1,-1,-1
82,9,347.4474792480469,163.721923828125,81.42779541015625,234.99945068359375,-1,-1,-1,-1
83,9,351.8035888671875,171.2721710205078,81.42388916015625,226.0774688720703,-1,-1,-1,-1
84,9,349.16156005859375,173.92782592773438,77.99102783203125,222.93203735351562,-1,-1,-1,-1
85,9,347.02325439453125,179.2542724609375,74.58642578125,215.35873413085938,-1,-1,-1,-1
86,9,345.12799072265625,185.50405883789062,75.22998046875,207.18212890625,-1,-1,-1,-1
87,9,348.0882568359375,185.55873107910156,74.76455688476562,205.6628875732422,-1,-1,-1,-1
88,9,348.5865478515625,185.50567626953125,73.55715942382812,205.82928466796875,-1,-1,-1,-1
89,9,352.71697998046875,188.00416564941406,65.55239868164062,188.96861267089844,-1,-1,-1,-1
90,9,356.83123779296875,190.35009765625,60.401611328125,177.79937744140625,-1,-1,-1,-1
91,9,362.0072326660156,189.5432586669922,60.914154052734375,178.4647979736328,-1,-1,-1,-1
92,9,365.6057434082031,190.8708038330078,60.829803466796875,185.4026641845703,-1,-1,-1,-1
93,9,365.1578369140625,190.64926147460938,69.70620727539062,197.98062133789062,-1,-1,-1,-1
94,9,364.726806640625,190.26803588867188,71.62445068359375,202.65994262695312,-1,-1,-1,-1
95,9,366.18829345703125,191.1798858642578,76.62384033203125,212.4854278564453,-1,-1,-1,-1
96,9,368.6104431152344,192.0180206298828,76.68954467773438,214.29310607910156,-1,-1,-1,-1
97,9,376.67694091796875,192.5763702392578,75.55718994140625,207.8700408935547,-1,-1,-1,-1
98,9,379.2994384765625,195.165283203125,76.22308349609375,206.71826171875,-1,-1,-1,-1
